%YAML:1.0
---
IntrinsicParameters_fx: 1.7160721435546875e+03
IntrinsicParameters_fy: 1.7179038085937500e+03
IntrinsicParameters_u0: 9.8317102050781250e+02
IntrinsicParameters_v0: 5.2425982666015625e+02
DistortionFactor_k1: -9.8057553172111511e-02
DistortionFactor_k2: -2.5391352176666260e-01
DistortionFactor_p1: -5.3559662774205208e-03
DistortionFactor_p2: 1.5914556570351124e-03
DistortionFactor_k3: 5.3577551841735840e+00
