%YAML:1.0
---
cameraMatrixL0_0: 1.8025712890625000e+03
cameraMatrixL0_2: 1.1782794189453125e+03
cameraMatrixL1_1: 1.7928205566406250e+03
cameraMatrixL1_2: 6.2666033935546875e+02
distCoeffL0_0: -8.8336564600467682e-02
distCoeffL1_0: 5.6303582191467285e+00
distCoeffL2_0: 1.1371973901987076e-02
distCoeffL3_0: 3.4636676311492920e-02
distCoeffL4_0: -7.8309036254882812e+01
cameraMatrixR0_0: 1.8185095214843750e+03
cameraMatrixR0_2: 9.5715118408203125e+02
cameraMatrixR1_1: 1.7708780517578125e+03
cameraMatrixR1_2: 6.2295477294921875e+02
distCoeffR0_0: 7.6890990138053894e-02
distCoeffR1_0: 4.4626334309577942e-01
distCoeffR2_0: 4.0940721519291401e-03
distCoeffR3_0: 5.0422307103872299e-02
distCoeffR4_0: -1.4447381496429443e+00
R0_0: 9.9459230899810791e-01
R0_1: -1.9422969780862331e-03
R0_2: 1.0383825749158859e-01
R1_0: 3.9371810853481293e-03
R1_1: 9.9981153011322021e-01
R1_2: -1.9009942188858986e-02
R2_0: -1.0378176718950272e-01
R2_1: 1.9315971061587334e-02
R2_2: 9.9441248178482056e-01
T0_0: -6.7306182861328125e+02
T0_1: 3.8600246906280518e+00
T0_2: -4.5800739288330078e+01
Rl0_0: 9.8521298170089722e-01
Rl0_1: -6.3470369204878807e-03
Rl0_2: 1.7121663689613342e-01
Rl1_0: 7.9802768304944038e-03
Rl1_1: 9.9992895126342773e-01
Rl1_2: -8.8524492457509041e-03
Rl2_0: -1.7114828526973724e-01
Rl2_1: 1.0087904520332813e-02
Rl2_2: 9.8519361019134521e-01
Rr0_0: 9.9767637252807617e-01
Rr0_1: -5.7216966524720192e-03
Rr0_2: 6.7890219390392303e-02
Rr1_0: 5.0757401622831821e-03
Rr1_1: 9.9994021654129028e-01
Rr1_2: 9.6834050491452217e-03
Rr2_0: -6.7941568791866302e-02
Rr2_1: -9.3163121491670609e-03
Rr2_2: 9.9764579534530640e-01
Pl0_0: 1.7818493652343750e+03
Pl0_2: 8.5037835693359375e+02
Pl1_1: 1.7818493652343750e+03
Pl1_2: 6.3102697753906250e+02
Pr0_0: 1.7818493652343750e+03
Pr0_2: 8.5037835693359375e+02
Pr0_3: -1.2020878750000000e+06
Pr1_1: 1.7818493652343750e+03
Pr1_2: 6.3102697753906250e+02
Q0_3: -8.5037835693359375e+02
Q1_3: -6.3102697753906250e+02
Q2_3: 1.7818493652343750e+03
Q3_2: 1.4822953380644321e-03
